451677
451684
451690
451691
451692
451693
451695
451696
451699
451700
451701
451702
451703
451707
451711
451712
451713
451716
451721
451724
451726
451727
451733
451735
451736
451737
451741
451745
451746
451748
451749
451750
451752
451755
451757
451759
451760
451763
451766
451767
451768
451769
451773
451775
451776
451780
451782
451783
451784
451785
451787
451790
451791
451792
451793
451795
451797
451798
451800
451801
451802
451803
451808
451813
451814
451815
451818
451821
451822
451823
451824
451825
451828
451830
451831
451833
451838
451839
451840
451843
451851
451853
451855
451856
451859
451860
451861
451862
451863
451866
451868
451871
451873
451874
451875
451878
451880
451881
451882
400001
